       57.500000      0.31849415
       57.599998      0.34607995
       57.700001      0.38301322
       57.799999      0.43393446
       57.900002      0.48937665
       58.000000      0.66111997
       58.099998      0.60959836
       58.200001      0.69757270
       58.299999      0.71740852
       58.400002      0.70008789
       58.500000      0.73659110
       58.599998      0.60084367
       58.700001      0.63189186
       58.799999      0.51272925
       58.900002      0.43422731
       59.000000      0.43125856
       59.099998      0.40392566
       59.200001      0.45820356
       59.299999      0.52072292
       59.400002      0.52652422
       59.500000      0.48962211
       59.599998      0.48740177
       59.700001      0.43518649
       59.799999      0.37830241
       59.900002      0.39627369
       60.000000      0.33986991
       60.099998      0.26804498
       60.200001      0.23955570
       60.299999      0.21343873
       60.400002      0.18956136
       60.500000      0.16947383
       60.599998      0.16606194
       60.700001      0.18006091
       60.799999      0.17452034
       60.900002      0.15282368
       61.000000      0.15214537
       61.099998      0.17106423
       61.200001      0.19474312
       61.299999      0.23717174
       61.400002      0.29681389
       61.500000      0.36118038
       61.599998      0.47941785
       61.700001      0.63425715
       61.799999      0.77269250
       61.900002      0.95916142
       62.000000       1.1508098
       62.099998       1.2892344
       62.200001       1.5176349
       62.299999       1.8282622
       62.400002       1.9983208
       62.500000       2.0803600
       62.599998       2.0085542
       62.700001       1.9139633
       62.799999       1.6743748
       62.900002       1.5524311
       63.000000       1.5355389
       63.099998       1.5162984
       63.200001       1.5156816
       63.299999       1.5897702
       63.400002       1.6841666
       63.500000       1.6768743
       63.599998       1.6615531
       63.700001       1.5808464
       63.799999       1.4987874
       63.900002       1.4584419
       64.000000       1.4225350
       64.100006       1.5130942
       64.199997       1.6014572
       64.300003       1.5928262
       64.399994       1.5904966
       64.500000       1.5969119
       64.600006       1.6549641
       64.699997       1.5897014
       64.800003       1.5023131
       64.899994       1.5767208
       65.000000       1.6627476
       65.100006       1.7234166
       65.199997       1.6648981
       65.300003       1.5118200
       65.399994       1.4692087
       65.500000       1.5298591
       65.600006       1.5935517
       65.699997       1.5747838
       65.800003       1.5253473
       65.899994       1.5596847
       66.000000       1.5459255
       66.100006       1.4431020
       66.199997       1.3670167
       66.300003       1.2375039
       66.399994       1.1915870
       66.500000       1.3108312
       66.600006       1.2803161
       66.699997       1.2420349
       66.800003       1.2456202
       66.899994       1.2493744
       67.000000       1.2744883
       67.100006       1.2354539
       67.199997       1.1670648
       67.300003       1.1645347
       67.399994       1.2864497
       67.500000       1.4579854
       67.600006       1.4966825
       67.699997       1.4061119
       67.800003       1.3954322
       67.899994       1.3324573
       68.000000       1.1703408
       68.100006       1.1887625
       68.199997       1.1857333
       68.300003       1.2155618
       68.399994       1.2119461
       68.500000       1.0946637
       68.600006       1.0993796
       68.699997       1.0713058
       68.800003       1.0805148
       68.899994       1.2011945
       69.000000       1.2976761
       69.100006       1.3610476
       69.199997       1.2950398
       69.300003       1.2086880
       69.399994       1.2250356
       69.500000       1.3111695
       69.600006       1.3871329
       69.699997       1.5238690
       69.800003       1.6191681
       69.899994       1.6814209
       70.000000       1.6972497
       70.100006       1.6019425
       70.199997       1.6661779
       70.300003       1.8002418
       70.399994       1.8597319
       70.500000       1.9405758
       70.600006       2.1023275
       70.699997       1.9413055
       70.800003       1.8904463
       70.899994       2.1879347
       71.000000       2.4161189
       71.100006       2.3011503
       71.199997       2.2542739
       71.300003       2.2456017
       71.399994       1.9868180
       71.500000       1.7139061
       71.600006       1.9069874
       71.699997       2.2306884
       71.800003       2.3075344
       71.899994       2.0131012
       72.000000       1.7467537
       72.100006       1.6517920
       72.199997       1.8071451
       72.300003       2.1095235
       72.399994       2.1735978
       72.500000       1.8362611
       72.600006       1.6910046
       72.699997       1.7689172
       72.800003       1.9060671
       72.899994       1.8555372
       73.000000       1.7049409
       73.100006       1.5866233
       73.199997       1.6706576
       73.300003       2.0098814
       73.399994       2.2895886
       73.500000       2.0647488
       73.600006       1.5828528
       73.699997       1.6245712
       73.800003       1.9227390
       73.899994       1.8650476
       74.000000       1.5847082
       74.100006       1.5962213
       74.199997       1.9388804
       74.300003       2.2416102
       74.399994       1.9091731
       74.500000       1.4524346
       74.600006       1.3929160
       74.699997       1.6231427
       74.800003       1.6584859
       74.899994       1.3977744
       75.000000       1.3336011
       75.100006       1.5799622
       75.199997       1.8579238
       75.300003       1.4899132
       75.399994       1.1753030
       75.500000       1.2626168
       75.600006       1.4250417
       75.699997       1.3926787
       75.800003       1.2335888
       75.899994       1.2838076
       76.000000       1.6275328
       76.100006       1.5597373
       76.199997       1.2109080
       76.300003       1.0975821
       76.399994       1.2015216
       76.500000       1.0919685
       76.600006      0.90435180
       76.699997       1.0140639
       76.800003       1.2254110
       76.899994       1.0433283
       77.000000      0.90740234
       77.100006       1.0206846
       77.199997       1.0720011
       77.300003      0.87398051
       77.399994      0.80347846
       77.500000      0.93027490
       77.600006       1.0254031
       77.699997      0.85938946
       77.800003      0.81318790
       77.899994      0.96128143
       78.000000      0.88221385
       78.100006      0.67143981
       78.199997      0.78270976
       78.300003      0.96471988
       78.399994      0.76507116
       78.500000      0.78262887
       78.600006       1.0272624
       78.699997       1.0464727
       78.800003      0.90722019
       78.899994      0.93633864
       79.000000       1.0217748
       79.100006      0.90305763
       79.199997      0.85415703
       79.300003       1.1273728
       79.399994      0.98861419
       79.500000      0.77055776
       79.600006      0.86585785
       79.699997      0.81100556
       79.800003      0.55556904
       79.899994      0.48303415
       80.000000      0.52198801
       80.100006      0.36281081
       80.199997      0.28861039
       80.300003      0.30710583
       80.399994      0.23661129
       80.500000      0.16644984
       80.600006      0.16726852
       80.699997      0.14887239
       80.800003      0.10163622
       80.899994      0.10242666
       81.000000      0.10646823
       81.100006     0.072688453
       81.199997     0.071483211
       81.300003     0.079781751
       81.399994     0.050951474
       81.500000     0.041308236
       81.600006     0.047536814
       81.699997     0.034672797
       81.800003     0.026812017
       81.899994     0.031490055
       82.000000     0.026896309
       82.100006     0.021680700
       82.199997     0.027982425
       82.300003     0.022476270
       82.399994     0.017162974
       82.500000     0.022217577
